{
 "cells": [
  {
   "cell_type": "code",
   "execution_count": 44,
   "metadata": {},
   "outputs": [],
   "source": [
    "import numpy as np\n",
    "import pandas as pd\n",
    "from numpy.linalg import eig\n",
    "from scipy import sin \n",
    "from autograd import hessian, jacobian\n",
    "from sklearn.preprocessing import LabelEncoder\n"
   ]
  },
  {
   "cell_type": "code",
   "execution_count": 7,
   "metadata": {},
   "outputs": [
    {
     "data": {
      "text/plain": [
       "array([[-0.57280534,  0.90659583,  0.85061838, -0.13102313, -1.06150469,\n",
       "         0.59779786,  0.31910993, -0.20723455,  0.7570776 ,  1.17824601],\n",
       "       [-1.51304579, -0.65479893,  0.7818107 , -1.02558547,  1.39466067,\n",
       "        -0.58667637,  0.03952322,  0.6461904 , -0.97387093, -0.35952665],\n",
       "       [-0.96862246, -0.95514571,  0.46058242,  0.36774382,  0.4720752 ,\n",
       "         0.17175621,  0.30038211,  0.02121813, -0.68153946, -0.44506852],\n",
       "       [-0.34375978,  0.20764028,  0.56778221, -0.50408969, -1.43367842,\n",
       "        -0.54822982,  0.34343863, -0.45319528,  0.61437762, -1.48268408],\n",
       "       [ 0.13896957, -1.41290566,  0.11578246,  1.25322406, -0.72462044,\n",
       "         0.55536706,  1.37277644, -0.67216259,  0.51346818,  0.17053174],\n",
       "       [ 0.70900898, -2.21648862, -1.03448557, -0.68621888,  0.51338626,\n",
       "         0.7333757 ,  2.06540652,  0.86806963, -0.26513442,  0.66588857],\n",
       "       [-0.37771646,  0.99087475,  0.02044138, -0.2064514 , -0.44386176,\n",
       "         0.53263333, -1.42449277,  0.17961712, -1.73183973, -0.64740028],\n",
       "       [-0.55691061, -0.22474921, -0.03198645,  0.31075086,  1.2904971 ,\n",
       "         0.08228991,  1.97729246,  1.12845783,  0.56452744,  0.29521584],\n",
       "       [ 1.92208343, -0.4889883 ,  0.1255032 ,  0.80741318, -0.86476864,\n",
       "         0.4160306 ,  1.22252026,  0.41573346, -0.78184309, -0.04667304],\n",
       "       [-1.37150645,  0.43581376, -0.35480464,  3.43706022,  0.6718343 ,\n",
       "        -0.9582887 , -1.57836302,  1.83364125,  0.88912169, -0.46078964]])"
      ]
     },
     "execution_count": 7,
     "metadata": {},
     "output_type": "execute_result"
    }
   ],
   "source": [
    "size = 10\n",
    "matrix = np.random.randn(size, size)\n",
    "matrix"
   ]
  },
  {
   "cell_type": "code",
   "execution_count": 8,
   "metadata": {},
   "outputs": [
    {
     "data": {
      "text/plain": [
       "array([[ 1.46119155e-01, -1.06493072e+00,  1.88982905e+00,\n",
       "        -1.70708513e-03, -1.54124900e+00,  5.71433578e-02,\n",
       "        -8.82162899e-01, -2.62983653e-01,  4.61999383e-01,\n",
       "        -7.90060461e-02],\n",
       "       [-2.05411541e-01,  4.65339859e-01, -1.36574819e+00,\n",
       "        -7.88568287e-02,  7.98300541e-01, -3.67015908e-01,\n",
       "         6.25695553e-01,  5.22907307e-01, -1.04940213e-01,\n",
       "        -8.38111815e-02],\n",
       "       [ 7.23050764e-01, -1.39997874e+00,  3.50496529e+00,\n",
       "         1.16215280e-01, -2.40451932e+00,  8.01655780e-03,\n",
       "        -1.40373866e+00, -4.28988197e-01,  6.26636215e-01,\n",
       "        -6.25403617e-02],\n",
       "       [-1.94310864e-01,  3.54789585e-01, -7.41786269e-01,\n",
       "        -1.75463938e-01,  8.01278681e-01, -2.56880953e-01,\n",
       "         3.10984696e-01,  1.62051876e-01,  2.99793065e-02,\n",
       "         9.65729594e-02],\n",
       "       [-2.05312050e-02, -1.03007979e+00,  1.99684925e+00,\n",
       "        -1.83061891e-01, -1.34018773e+00, -1.13422382e-01,\n",
       "        -7.37396118e-01,  1.03802536e-01,  7.12664248e-02,\n",
       "        -1.53050917e-01],\n",
       "       [ 7.96221032e-01, -3.00719990e+00,  5.30254380e+00,\n",
       "         1.75932366e-01, -3.46487305e+00,  5.08118031e-01,\n",
       "        -1.33368933e+00, -2.33750991e-01,  2.00153937e-01,\n",
       "        -1.49685283e-01],\n",
       "       [-3.86765797e-01,  1.19481334e+00, -2.38904929e+00,\n",
       "        -3.02358154e-02,  1.78193949e+00, -2.82819577e-01,\n",
       "         8.68927203e-01,  6.04587511e-01, -1.24369127e-01,\n",
       "        -8.64950435e-02],\n",
       "       [ 4.98847687e-01, -7.38025868e-01,  1.58480143e+00,\n",
       "         2.51994655e-01, -1.52026352e+00,  4.85711438e-01,\n",
       "        -5.32060645e-01, -2.13533733e-01,  3.36797230e-01,\n",
       "         2.25713454e-01],\n",
       "       [ 5.11429110e-01, -1.84210219e+00,  3.17484092e+00,\n",
       "         2.91195913e-01, -2.33545310e+00,  3.25747111e-01,\n",
       "        -1.32256106e+00, -2.81821628e-01,  7.43432763e-02,\n",
       "         1.80160822e-02],\n",
       "       [-2.43937546e-02,  1.50233164e+00, -2.64875389e+00,\n",
       "        -4.32347439e-01,  1.76266618e+00, -1.31439985e-01,\n",
       "         6.70908592e-01, -1.05785403e-02, -1.35904009e-01,\n",
       "         7.15757230e-02]])"
      ]
     },
     "execution_count": 8,
     "metadata": {},
     "output_type": "execute_result"
    }
   ],
   "source": [
    "inverse_matrix = np.linalg.inv(matrix)\n",
    "inverse_matrix"
   ]
  },
  {
   "cell_type": "code",
   "execution_count": 9,
   "metadata": {},
   "outputs": [
    {
     "data": {
      "text/plain": [
       "array([[ 5.48110261, -2.04091947, -1.31485729,  1.04996974,  0.8419592 ,\n",
       "        -2.24912593, -0.61703947, -0.10100895, -0.71961491, -1.61089734],\n",
       "       [-2.04091947,  8.16719841,  3.48088196, -0.67735121, -2.75773791,\n",
       "         1.22071279,  1.19798584,  2.54904863, -3.67294148, -0.09114543],\n",
       "       [-1.31485729,  3.48088196,  3.20352131, -0.22546426,  1.45467522,\n",
       "         1.59297122,  0.27924914,  1.57874221, -0.44709841,  1.32921731],\n",
       "       [ 1.04996974, -0.67735121, -0.22546426,  5.99290608,  0.66596157,\n",
       "        -2.91775668,  0.12087411, -1.84851475, -0.26599235, -1.95351551],\n",
       "       [ 0.8419592 , -2.75773791,  1.45467522,  0.66596157,  7.06214678,\n",
       "         4.51501576, -4.16731737,  2.03255724,  3.83148061, -0.58035002],\n",
       "       [-2.24912593,  1.22071279,  1.59297122, -2.91775668,  4.51501576,\n",
       "        13.29113048, -4.93895727,  5.75641668,  4.68596577, -6.49860142],\n",
       "       [-0.61703947,  1.19798584,  0.27924914,  0.12087411, -4.16731737,\n",
       "        -4.93895727,  7.12809199, -4.38886711, -1.05178071,  0.76063991],\n",
       "       [-0.10100895,  2.54904863,  1.57874221, -1.84851475,  2.03255724,\n",
       "         5.75641668, -4.38886711,  7.71935144,  0.63588199,  1.8476215 ],\n",
       "       [-0.71961491, -3.67294148, -0.44709841, -0.26599235,  3.83148061,\n",
       "         4.68596577, -1.05178071,  0.63588199,  7.80293473, -2.93923966],\n",
       "       [-1.61089734, -0.09114543,  1.32921731, -1.95351551, -0.58035002,\n",
       "        -6.49860142,  0.76063991,  1.8476215 , -2.93923966, 22.23624599]])"
      ]
     },
     "execution_count": 9,
     "metadata": {},
     "output_type": "execute_result"
    }
   ],
   "source": [
    "dot_product = np.dot(matrix, matrix.T)\n",
    "dot_product"
   ]
  },
  {
   "cell_type": "code",
   "execution_count": 14,
   "metadata": {},
   "outputs": [
    {
     "name": "stdout",
     "output_type": "stream",
     "text": [
      "[ 0.02933771+3.04043508j  0.02933771-3.04043508j -2.73679291+0.j\n",
      "  0.8583062 +1.92288418j  0.8583062 -1.92288418j -1.12736041+1.55099443j\n",
      " -1.12736041-1.55099443j  1.56064205+0.j          0.21795557+0.j\n",
      " -1.36339568+0.j        ]\n",
      "[[-0.08825977-0.18827471j -0.08825977+0.18827471j  0.51829862+0.j\n",
      "   0.24298279-0.09993303j  0.24298279+0.09993303j -0.09043497-0.36492873j\n",
      "  -0.09043497+0.36492873j -0.10288873+0.j          0.23110699+0.j\n",
      "  -0.1291656 +0.j        ]\n",
      " [ 0.05730328-0.23540491j  0.05730328+0.23540491j  0.05040844+0.j\n",
      "   0.10182177+0.34891546j  0.10182177-0.34891546j  0.077032  +0.0110549j\n",
      "   0.077032  -0.0110549j   0.08739353+0.j         -0.17315428+0.j\n",
      "  -0.21413928+0.j        ]\n",
      " [ 0.17963818+0.03017368j  0.17963818-0.03017368j  0.00979661+0.j\n",
      "  -0.07456032+0.38287668j -0.07456032-0.38287668j  0.07259686-0.1222677j\n",
      "   0.07259686+0.1222677j  -0.02229115+0.j          0.40017426+0.j\n",
      "  -0.10210868+0.j        ]\n",
      " [-0.14365267+0.4216717j  -0.14365267-0.4216717j   0.21960164+0.j\n",
      "  -0.01834472+0.20499168j -0.01834472-0.20499168j  0.19257497+0.08485306j\n",
      "   0.19257497-0.08485306j  0.16573661+0.j         -0.09635009+0.j\n",
      "  -0.00561748+0.j        ]\n",
      " [ 0.23129458+0.26387751j  0.23129458-0.26387751j  0.31003651+0.j\n",
      "  -0.16806609+0.10229851j -0.16806609-0.10229851j -0.20102667-0.25197464j\n",
      "  -0.20102667+0.25197464j -0.07847319+0.j          0.20250229+0.j\n",
      "  -0.3651646 +0.j        ]\n",
      " [-0.00655729-0.00584574j -0.00655729+0.00584574j  0.19524292+0.j\n",
      "  -0.36173143-0.22100389j -0.36173143+0.22100389j -0.27834224+0.06695993j\n",
      "  -0.27834224-0.06695993j -0.78738263+0.j          0.61635131+0.j\n",
      "  -0.60354361+0.j        ]\n",
      " [-0.21131139-0.05501437j -0.21131139+0.05501437j -0.45020518+0.j\n",
      "  -0.04506614+0.22745083j -0.04506614-0.22745083j  0.3394931 -0.13505857j\n",
      "   0.3394931 +0.13505857j -0.02090313+0.j         -0.25650988+0.j\n",
      "   0.28510095+0.j        ]\n",
      " [ 0.18543862-0.06095331j  0.18543862+0.06095331j  0.25729821+0.j\n",
      "   0.2860564 +0.11626174j  0.2860564 -0.11626174j -0.21167472+0.04142729j\n",
      "  -0.21167472-0.04142729j -0.47199304+0.j          0.2175824 +0.j\n",
      "  -0.03594305+0.j        ]\n",
      " [-0.12703957+0.19787793j -0.12703957-0.19787793j -0.27659064+0.j\n",
      "   0.10958755-0.13039418j  0.10958755+0.13039418j -0.38442084-0.11704162j\n",
      "  -0.38442084+0.11704162j -0.25620789+0.j          0.37229534+0.j\n",
      "  -0.3715166 +0.j        ]\n",
      " [ 0.63415927+0.j          0.63415927-0.j         -0.44818833+0.j\n",
      "   0.455879  +0.j          0.455879  -0.j          0.51061694+0.j\n",
      "   0.51061694-0.j          0.19703921+0.j         -0.27302934+0.j\n",
      "   0.45693955+0.j        ]]\n"
     ]
    }
   ],
   "source": [
    "values, vectors = eig(matrix)\n",
    "print(values)\n",
    "print(vectors)"
   ]
  },
  {
   "cell_type": "code",
   "execution_count": 72,
   "metadata": {},
   "outputs": [],
   "source": [
    "def f(x):\n",
    "    result = x*x\n",
    "    return result"
   ]
  },
  {
   "cell_type": "code",
   "execution_count": 73,
   "metadata": {},
   "outputs": [],
   "source": [
    "jacobian_function = jacobian(f)"
   ]
  },
  {
   "cell_type": "code",
   "execution_count": 74,
   "metadata": {},
   "outputs": [],
   "source": [
    "hessian_function = hessian(f)"
   ]
  },
  {
   "cell_type": "code",
   "execution_count": 78,
   "metadata": {},
   "outputs": [
    {
     "data": {
      "text/plain": [
       "array([[[[10.96220523, -0.        , -0.        , ..., -0.        ,\n",
       "          -0.        , -0.        ],\n",
       "         [-0.        ,  0.        ,  0.        , ...,  0.        ,\n",
       "          -0.        , -0.        ],\n",
       "         [-0.        ,  0.        ,  0.        , ...,  0.        ,\n",
       "          -0.        ,  0.        ],\n",
       "         ...,\n",
       "         [-0.        ,  0.        ,  0.        , ...,  0.        ,\n",
       "           0.        ,  0.        ],\n",
       "         [-0.        , -0.        , -0.        , ...,  0.        ,\n",
       "           0.        , -0.        ],\n",
       "         [-0.        , -0.        ,  0.        , ...,  0.        ,\n",
       "          -0.        ,  0.        ]],\n",
       "\n",
       "        [[ 0.        , -4.08183894, -0.        , ..., -0.        ,\n",
       "          -0.        , -0.        ],\n",
       "         [-0.        ,  0.        ,  0.        , ...,  0.        ,\n",
       "          -0.        , -0.        ],\n",
       "         [-0.        ,  0.        ,  0.        , ...,  0.        ,\n",
       "          -0.        ,  0.        ],\n",
       "         ...,\n",
       "         [-0.        ,  0.        ,  0.        , ...,  0.        ,\n",
       "           0.        ,  0.        ],\n",
       "         [-0.        , -0.        , -0.        , ...,  0.        ,\n",
       "           0.        , -0.        ],\n",
       "         [-0.        , -0.        ,  0.        , ...,  0.        ,\n",
       "          -0.        ,  0.        ]],\n",
       "\n",
       "        [[ 0.        , -0.        , -2.62971458, ..., -0.        ,\n",
       "          -0.        , -0.        ],\n",
       "         [-0.        ,  0.        ,  0.        , ...,  0.        ,\n",
       "          -0.        , -0.        ],\n",
       "         [-0.        ,  0.        ,  0.        , ...,  0.        ,\n",
       "          -0.        ,  0.        ],\n",
       "         ...,\n",
       "         [-0.        ,  0.        ,  0.        , ...,  0.        ,\n",
       "           0.        ,  0.        ],\n",
       "         [-0.        , -0.        , -0.        , ...,  0.        ,\n",
       "           0.        , -0.        ],\n",
       "         [-0.        , -0.        ,  0.        , ...,  0.        ,\n",
       "          -0.        ,  0.        ]],\n",
       "\n",
       "        ...,\n",
       "\n",
       "        [[ 0.        , -0.        , -0.        , ..., -0.20201789,\n",
       "          -0.        , -0.        ],\n",
       "         [-0.        ,  0.        ,  0.        , ...,  0.        ,\n",
       "          -0.        , -0.        ],\n",
       "         [-0.        ,  0.        ,  0.        , ...,  0.        ,\n",
       "          -0.        ,  0.        ],\n",
       "         ...,\n",
       "         [-0.        ,  0.        ,  0.        , ...,  0.        ,\n",
       "           0.        ,  0.        ],\n",
       "         [-0.        , -0.        , -0.        , ...,  0.        ,\n",
       "           0.        , -0.        ],\n",
       "         [-0.        , -0.        ,  0.        , ...,  0.        ,\n",
       "          -0.        ,  0.        ]],\n",
       "\n",
       "        [[ 0.        , -0.        , -0.        , ..., -0.        ,\n",
       "          -1.43922981, -0.        ],\n",
       "         [-0.        ,  0.        ,  0.        , ...,  0.        ,\n",
       "          -0.        , -0.        ],\n",
       "         [-0.        ,  0.        ,  0.        , ...,  0.        ,\n",
       "          -0.        ,  0.        ],\n",
       "         ...,\n",
       "         [-0.        ,  0.        ,  0.        , ...,  0.        ,\n",
       "           0.        ,  0.        ],\n",
       "         [-0.        , -0.        , -0.        , ...,  0.        ,\n",
       "           0.        , -0.        ],\n",
       "         [-0.        , -0.        ,  0.        , ...,  0.        ,\n",
       "          -0.        ,  0.        ]],\n",
       "\n",
       "        [[ 0.        , -0.        , -0.        , ..., -0.        ,\n",
       "          -0.        , -3.22179467],\n",
       "         [-0.        ,  0.        ,  0.        , ...,  0.        ,\n",
       "          -0.        , -0.        ],\n",
       "         [-0.        ,  0.        ,  0.        , ...,  0.        ,\n",
       "          -0.        ,  0.        ],\n",
       "         ...,\n",
       "         [-0.        ,  0.        ,  0.        , ...,  0.        ,\n",
       "           0.        ,  0.        ],\n",
       "         [-0.        , -0.        , -0.        , ...,  0.        ,\n",
       "           0.        , -0.        ],\n",
       "         [-0.        , -0.        ,  0.        , ...,  0.        ,\n",
       "          -0.        ,  0.        ]]],\n",
       "\n",
       "\n",
       "       [[[ 0.        , -0.        , -0.        , ..., -0.        ,\n",
       "          -0.        , -0.        ],\n",
       "         [-4.08183894,  0.        ,  0.        , ...,  0.        ,\n",
       "          -0.        , -0.        ],\n",
       "         [-0.        ,  0.        ,  0.        , ...,  0.        ,\n",
       "          -0.        ,  0.        ],\n",
       "         ...,\n",
       "         [-0.        ,  0.        ,  0.        , ...,  0.        ,\n",
       "           0.        ,  0.        ],\n",
       "         [-0.        , -0.        , -0.        , ...,  0.        ,\n",
       "           0.        , -0.        ],\n",
       "         [-0.        , -0.        ,  0.        , ...,  0.        ,\n",
       "          -0.        ,  0.        ]],\n",
       "\n",
       "        [[ 0.        , -0.        , -0.        , ..., -0.        ,\n",
       "          -0.        , -0.        ],\n",
       "         [-0.        , 16.33439682,  0.        , ...,  0.        ,\n",
       "          -0.        , -0.        ],\n",
       "         [-0.        ,  0.        ,  0.        , ...,  0.        ,\n",
       "          -0.        ,  0.        ],\n",
       "         ...,\n",
       "         [-0.        ,  0.        ,  0.        , ...,  0.        ,\n",
       "           0.        ,  0.        ],\n",
       "         [-0.        , -0.        , -0.        , ...,  0.        ,\n",
       "           0.        , -0.        ],\n",
       "         [-0.        , -0.        ,  0.        , ...,  0.        ,\n",
       "          -0.        ,  0.        ]],\n",
       "\n",
       "        [[ 0.        , -0.        , -0.        , ..., -0.        ,\n",
       "          -0.        , -0.        ],\n",
       "         [-0.        ,  0.        ,  6.96176392, ...,  0.        ,\n",
       "          -0.        , -0.        ],\n",
       "         [-0.        ,  0.        ,  0.        , ...,  0.        ,\n",
       "          -0.        ,  0.        ],\n",
       "         ...,\n",
       "         [-0.        ,  0.        ,  0.        , ...,  0.        ,\n",
       "           0.        ,  0.        ],\n",
       "         [-0.        , -0.        , -0.        , ...,  0.        ,\n",
       "           0.        , -0.        ],\n",
       "         [-0.        , -0.        ,  0.        , ...,  0.        ,\n",
       "          -0.        ,  0.        ]],\n",
       "\n",
       "        ...,\n",
       "\n",
       "        [[ 0.        , -0.        , -0.        , ..., -0.        ,\n",
       "          -0.        , -0.        ],\n",
       "         [-0.        ,  0.        ,  0.        , ...,  5.09809726,\n",
       "          -0.        , -0.        ],\n",
       "         [-0.        ,  0.        ,  0.        , ...,  0.        ,\n",
       "          -0.        ,  0.        ],\n",
       "         ...,\n",
       "         [-0.        ,  0.        ,  0.        , ...,  0.        ,\n",
       "           0.        ,  0.        ],\n",
       "         [-0.        , -0.        , -0.        , ...,  0.        ,\n",
       "           0.        , -0.        ],\n",
       "         [-0.        , -0.        ,  0.        , ...,  0.        ,\n",
       "          -0.        ,  0.        ]],\n",
       "\n",
       "        [[ 0.        , -0.        , -0.        , ..., -0.        ,\n",
       "          -0.        , -0.        ],\n",
       "         [-0.        ,  0.        ,  0.        , ...,  0.        ,\n",
       "          -7.34588296, -0.        ],\n",
       "         [-0.        ,  0.        ,  0.        , ...,  0.        ,\n",
       "          -0.        ,  0.        ],\n",
       "         ...,\n",
       "         [-0.        ,  0.        ,  0.        , ...,  0.        ,\n",
       "           0.        ,  0.        ],\n",
       "         [-0.        , -0.        , -0.        , ...,  0.        ,\n",
       "           0.        , -0.        ],\n",
       "         [-0.        , -0.        ,  0.        , ...,  0.        ,\n",
       "          -0.        ,  0.        ]],\n",
       "\n",
       "        [[ 0.        , -0.        , -0.        , ..., -0.        ,\n",
       "          -0.        , -0.        ],\n",
       "         [-0.        ,  0.        ,  0.        , ...,  0.        ,\n",
       "          -0.        , -0.18229087],\n",
       "         [-0.        ,  0.        ,  0.        , ...,  0.        ,\n",
       "          -0.        ,  0.        ],\n",
       "         ...,\n",
       "         [-0.        ,  0.        ,  0.        , ...,  0.        ,\n",
       "           0.        ,  0.        ],\n",
       "         [-0.        , -0.        , -0.        , ...,  0.        ,\n",
       "           0.        , -0.        ],\n",
       "         [-0.        , -0.        ,  0.        , ...,  0.        ,\n",
       "          -0.        ,  0.        ]]],\n",
       "\n",
       "\n",
       "       [[[ 0.        , -0.        , -0.        , ..., -0.        ,\n",
       "          -0.        , -0.        ],\n",
       "         [-0.        ,  0.        ,  0.        , ...,  0.        ,\n",
       "          -0.        , -0.        ],\n",
       "         [-2.62971458,  0.        ,  0.        , ...,  0.        ,\n",
       "          -0.        ,  0.        ],\n",
       "         ...,\n",
       "         [-0.        ,  0.        ,  0.        , ...,  0.        ,\n",
       "           0.        ,  0.        ],\n",
       "         [-0.        , -0.        , -0.        , ...,  0.        ,\n",
       "           0.        , -0.        ],\n",
       "         [-0.        , -0.        ,  0.        , ...,  0.        ,\n",
       "          -0.        ,  0.        ]],\n",
       "\n",
       "        [[ 0.        , -0.        , -0.        , ..., -0.        ,\n",
       "          -0.        , -0.        ],\n",
       "         [-0.        ,  0.        ,  0.        , ...,  0.        ,\n",
       "          -0.        , -0.        ],\n",
       "         [-0.        ,  6.96176392,  0.        , ...,  0.        ,\n",
       "          -0.        ,  0.        ],\n",
       "         ...,\n",
       "         [-0.        ,  0.        ,  0.        , ...,  0.        ,\n",
       "           0.        ,  0.        ],\n",
       "         [-0.        , -0.        , -0.        , ...,  0.        ,\n",
       "           0.        , -0.        ],\n",
       "         [-0.        , -0.        ,  0.        , ...,  0.        ,\n",
       "          -0.        ,  0.        ]],\n",
       "\n",
       "        [[ 0.        , -0.        , -0.        , ..., -0.        ,\n",
       "          -0.        , -0.        ],\n",
       "         [-0.        ,  0.        ,  0.        , ...,  0.        ,\n",
       "          -0.        , -0.        ],\n",
       "         [-0.        ,  0.        ,  6.40704262, ...,  0.        ,\n",
       "          -0.        ,  0.        ],\n",
       "         ...,\n",
       "         [-0.        ,  0.        ,  0.        , ...,  0.        ,\n",
       "           0.        ,  0.        ],\n",
       "         [-0.        , -0.        , -0.        , ...,  0.        ,\n",
       "           0.        , -0.        ],\n",
       "         [-0.        , -0.        ,  0.        , ...,  0.        ,\n",
       "          -0.        ,  0.        ]],\n",
       "\n",
       "        ...,\n",
       "\n",
       "        [[ 0.        , -0.        , -0.        , ..., -0.        ,\n",
       "          -0.        , -0.        ],\n",
       "         [-0.        ,  0.        ,  0.        , ...,  0.        ,\n",
       "          -0.        , -0.        ],\n",
       "         [-0.        ,  0.        ,  0.        , ...,  3.15748441,\n",
       "          -0.        ,  0.        ],\n",
       "         ...,\n",
       "         [-0.        ,  0.        ,  0.        , ...,  0.        ,\n",
       "           0.        ,  0.        ],\n",
       "         [-0.        , -0.        , -0.        , ...,  0.        ,\n",
       "           0.        , -0.        ],\n",
       "         [-0.        , -0.        ,  0.        , ...,  0.        ,\n",
       "          -0.        ,  0.        ]],\n",
       "\n",
       "        [[ 0.        , -0.        , -0.        , ..., -0.        ,\n",
       "          -0.        , -0.        ],\n",
       "         [-0.        ,  0.        ,  0.        , ...,  0.        ,\n",
       "          -0.        , -0.        ],\n",
       "         [-0.        ,  0.        ,  0.        , ...,  0.        ,\n",
       "          -0.89419683,  0.        ],\n",
       "         ...,\n",
       "         [-0.        ,  0.        ,  0.        , ...,  0.        ,\n",
       "           0.        ,  0.        ],\n",
       "         [-0.        , -0.        , -0.        , ...,  0.        ,\n",
       "           0.        , -0.        ],\n",
       "         [-0.        , -0.        ,  0.        , ...,  0.        ,\n",
       "          -0.        ,  0.        ]],\n",
       "\n",
       "        [[ 0.        , -0.        , -0.        , ..., -0.        ,\n",
       "          -0.        , -0.        ],\n",
       "         [-0.        ,  0.        ,  0.        , ...,  0.        ,\n",
       "          -0.        , -0.        ],\n",
       "         [-0.        ,  0.        ,  0.        , ...,  0.        ,\n",
       "          -0.        ,  2.65843461],\n",
       "         ...,\n",
       "         [-0.        ,  0.        ,  0.        , ...,  0.        ,\n",
       "           0.        ,  0.        ],\n",
       "         [-0.        , -0.        , -0.        , ...,  0.        ,\n",
       "           0.        , -0.        ],\n",
       "         [-0.        , -0.        ,  0.        , ...,  0.        ,\n",
       "          -0.        ,  0.        ]]],\n",
       "\n",
       "\n",
       "       ...,\n",
       "\n",
       "\n",
       "       [[[ 0.        , -0.        , -0.        , ..., -0.        ,\n",
       "          -0.        , -0.        ],\n",
       "         [-0.        ,  0.        ,  0.        , ...,  0.        ,\n",
       "          -0.        , -0.        ],\n",
       "         [-0.        ,  0.        ,  0.        , ...,  0.        ,\n",
       "          -0.        ,  0.        ],\n",
       "         ...,\n",
       "         [-0.20201789,  0.        ,  0.        , ...,  0.        ,\n",
       "           0.        ,  0.        ],\n",
       "         [-0.        , -0.        , -0.        , ...,  0.        ,\n",
       "           0.        , -0.        ],\n",
       "         [-0.        , -0.        ,  0.        , ...,  0.        ,\n",
       "          -0.        ,  0.        ]],\n",
       "\n",
       "        [[ 0.        , -0.        , -0.        , ..., -0.        ,\n",
       "          -0.        , -0.        ],\n",
       "         [-0.        ,  0.        ,  0.        , ...,  0.        ,\n",
       "          -0.        , -0.        ],\n",
       "         [-0.        ,  0.        ,  0.        , ...,  0.        ,\n",
       "          -0.        ,  0.        ],\n",
       "         ...,\n",
       "         [-0.        ,  5.09809726,  0.        , ...,  0.        ,\n",
       "           0.        ,  0.        ],\n",
       "         [-0.        , -0.        , -0.        , ...,  0.        ,\n",
       "           0.        , -0.        ],\n",
       "         [-0.        , -0.        ,  0.        , ...,  0.        ,\n",
       "          -0.        ,  0.        ]],\n",
       "\n",
       "        [[ 0.        , -0.        , -0.        , ..., -0.        ,\n",
       "          -0.        , -0.        ],\n",
       "         [-0.        ,  0.        ,  0.        , ...,  0.        ,\n",
       "          -0.        , -0.        ],\n",
       "         [-0.        ,  0.        ,  0.        , ...,  0.        ,\n",
       "          -0.        ,  0.        ],\n",
       "         ...,\n",
       "         [-0.        ,  0.        ,  3.15748441, ...,  0.        ,\n",
       "           0.        ,  0.        ],\n",
       "         [-0.        , -0.        , -0.        , ...,  0.        ,\n",
       "           0.        , -0.        ],\n",
       "         [-0.        , -0.        ,  0.        , ...,  0.        ,\n",
       "          -0.        ,  0.        ]],\n",
       "\n",
       "        ...,\n",
       "\n",
       "        [[ 0.        , -0.        , -0.        , ..., -0.        ,\n",
       "          -0.        , -0.        ],\n",
       "         [-0.        ,  0.        ,  0.        , ...,  0.        ,\n",
       "          -0.        , -0.        ],\n",
       "         [-0.        ,  0.        ,  0.        , ...,  0.        ,\n",
       "          -0.        ,  0.        ],\n",
       "         ...,\n",
       "         [-0.        ,  0.        ,  0.        , ..., 15.43870289,\n",
       "           0.        ,  0.        ],\n",
       "         [-0.        , -0.        , -0.        , ...,  0.        ,\n",
       "           0.        , -0.        ],\n",
       "         [-0.        , -0.        ,  0.        , ...,  0.        ,\n",
       "          -0.        ,  0.        ]],\n",
       "\n",
       "        [[ 0.        , -0.        , -0.        , ..., -0.        ,\n",
       "          -0.        , -0.        ],\n",
       "         [-0.        ,  0.        ,  0.        , ...,  0.        ,\n",
       "          -0.        , -0.        ],\n",
       "         [-0.        ,  0.        ,  0.        , ...,  0.        ,\n",
       "          -0.        ,  0.        ],\n",
       "         ...,\n",
       "         [-0.        ,  0.        ,  0.        , ...,  0.        ,\n",
       "           1.27176399,  0.        ],\n",
       "         [-0.        , -0.        , -0.        , ...,  0.        ,\n",
       "           0.        , -0.        ],\n",
       "         [-0.        , -0.        ,  0.        , ...,  0.        ,\n",
       "          -0.        ,  0.        ]],\n",
       "\n",
       "        [[ 0.        , -0.        , -0.        , ..., -0.        ,\n",
       "          -0.        , -0.        ],\n",
       "         [-0.        ,  0.        ,  0.        , ...,  0.        ,\n",
       "          -0.        , -0.        ],\n",
       "         [-0.        ,  0.        ,  0.        , ...,  0.        ,\n",
       "          -0.        ,  0.        ],\n",
       "         ...,\n",
       "         [-0.        ,  0.        ,  0.        , ...,  0.        ,\n",
       "           0.        ,  3.695243  ],\n",
       "         [-0.        , -0.        , -0.        , ...,  0.        ,\n",
       "           0.        , -0.        ],\n",
       "         [-0.        , -0.        ,  0.        , ...,  0.        ,\n",
       "          -0.        ,  0.        ]]],\n",
       "\n",
       "\n",
       "       [[[ 0.        , -0.        , -0.        , ..., -0.        ,\n",
       "          -0.        , -0.        ],\n",
       "         [-0.        ,  0.        ,  0.        , ...,  0.        ,\n",
       "          -0.        , -0.        ],\n",
       "         [-0.        ,  0.        ,  0.        , ...,  0.        ,\n",
       "          -0.        ,  0.        ],\n",
       "         ...,\n",
       "         [-0.        ,  0.        ,  0.        , ...,  0.        ,\n",
       "           0.        ,  0.        ],\n",
       "         [-1.43922981, -0.        , -0.        , ...,  0.        ,\n",
       "           0.        , -0.        ],\n",
       "         [-0.        , -0.        ,  0.        , ...,  0.        ,\n",
       "          -0.        ,  0.        ]],\n",
       "\n",
       "        [[ 0.        , -0.        , -0.        , ..., -0.        ,\n",
       "          -0.        , -0.        ],\n",
       "         [-0.        ,  0.        ,  0.        , ...,  0.        ,\n",
       "          -0.        , -0.        ],\n",
       "         [-0.        ,  0.        ,  0.        , ...,  0.        ,\n",
       "          -0.        ,  0.        ],\n",
       "         ...,\n",
       "         [-0.        ,  0.        ,  0.        , ...,  0.        ,\n",
       "           0.        ,  0.        ],\n",
       "         [-0.        , -7.34588296, -0.        , ...,  0.        ,\n",
       "           0.        , -0.        ],\n",
       "         [-0.        , -0.        ,  0.        , ...,  0.        ,\n",
       "          -0.        ,  0.        ]],\n",
       "\n",
       "        [[ 0.        , -0.        , -0.        , ..., -0.        ,\n",
       "          -0.        , -0.        ],\n",
       "         [-0.        ,  0.        ,  0.        , ...,  0.        ,\n",
       "          -0.        , -0.        ],\n",
       "         [-0.        ,  0.        ,  0.        , ...,  0.        ,\n",
       "          -0.        ,  0.        ],\n",
       "         ...,\n",
       "         [-0.        ,  0.        ,  0.        , ...,  0.        ,\n",
       "           0.        ,  0.        ],\n",
       "         [-0.        , -0.        , -0.89419683, ...,  0.        ,\n",
       "           0.        , -0.        ],\n",
       "         [-0.        , -0.        ,  0.        , ...,  0.        ,\n",
       "          -0.        ,  0.        ]],\n",
       "\n",
       "        ...,\n",
       "\n",
       "        [[ 0.        , -0.        , -0.        , ..., -0.        ,\n",
       "          -0.        , -0.        ],\n",
       "         [-0.        ,  0.        ,  0.        , ...,  0.        ,\n",
       "          -0.        , -0.        ],\n",
       "         [-0.        ,  0.        ,  0.        , ...,  0.        ,\n",
       "          -0.        ,  0.        ],\n",
       "         ...,\n",
       "         [-0.        ,  0.        ,  0.        , ...,  0.        ,\n",
       "           0.        ,  0.        ],\n",
       "         [-0.        , -0.        , -0.        , ...,  1.27176399,\n",
       "           0.        , -0.        ],\n",
       "         [-0.        , -0.        ,  0.        , ...,  0.        ,\n",
       "          -0.        ,  0.        ]],\n",
       "\n",
       "        [[ 0.        , -0.        , -0.        , ..., -0.        ,\n",
       "          -0.        , -0.        ],\n",
       "         [-0.        ,  0.        ,  0.        , ...,  0.        ,\n",
       "          -0.        , -0.        ],\n",
       "         [-0.        ,  0.        ,  0.        , ...,  0.        ,\n",
       "          -0.        ,  0.        ],\n",
       "         ...,\n",
       "         [-0.        ,  0.        ,  0.        , ...,  0.        ,\n",
       "           0.        ,  0.        ],\n",
       "         [-0.        , -0.        , -0.        , ...,  0.        ,\n",
       "          15.60586946, -0.        ],\n",
       "         [-0.        , -0.        ,  0.        , ...,  0.        ,\n",
       "          -0.        ,  0.        ]],\n",
       "\n",
       "        [[ 0.        , -0.        , -0.        , ..., -0.        ,\n",
       "          -0.        , -0.        ],\n",
       "         [-0.        ,  0.        ,  0.        , ...,  0.        ,\n",
       "          -0.        , -0.        ],\n",
       "         [-0.        ,  0.        ,  0.        , ...,  0.        ,\n",
       "          -0.        ,  0.        ],\n",
       "         ...,\n",
       "         [-0.        ,  0.        ,  0.        , ...,  0.        ,\n",
       "           0.        ,  0.        ],\n",
       "         [-0.        , -0.        , -0.        , ...,  0.        ,\n",
       "           0.        , -5.87847932],\n",
       "         [-0.        , -0.        ,  0.        , ...,  0.        ,\n",
       "          -0.        ,  0.        ]]],\n",
       "\n",
       "\n",
       "       [[[ 0.        , -0.        , -0.        , ..., -0.        ,\n",
       "          -0.        , -0.        ],\n",
       "         [-0.        ,  0.        ,  0.        , ...,  0.        ,\n",
       "          -0.        , -0.        ],\n",
       "         [-0.        ,  0.        ,  0.        , ...,  0.        ,\n",
       "          -0.        ,  0.        ],\n",
       "         ...,\n",
       "         [-0.        ,  0.        ,  0.        , ...,  0.        ,\n",
       "           0.        ,  0.        ],\n",
       "         [-0.        , -0.        , -0.        , ...,  0.        ,\n",
       "           0.        , -0.        ],\n",
       "         [-3.22179467, -0.        ,  0.        , ...,  0.        ,\n",
       "          -0.        ,  0.        ]],\n",
       "\n",
       "        [[ 0.        , -0.        , -0.        , ..., -0.        ,\n",
       "          -0.        , -0.        ],\n",
       "         [-0.        ,  0.        ,  0.        , ...,  0.        ,\n",
       "          -0.        , -0.        ],\n",
       "         [-0.        ,  0.        ,  0.        , ...,  0.        ,\n",
       "          -0.        ,  0.        ],\n",
       "         ...,\n",
       "         [-0.        ,  0.        ,  0.        , ...,  0.        ,\n",
       "           0.        ,  0.        ],\n",
       "         [-0.        , -0.        , -0.        , ...,  0.        ,\n",
       "           0.        , -0.        ],\n",
       "         [-0.        , -0.18229087,  0.        , ...,  0.        ,\n",
       "          -0.        ,  0.        ]],\n",
       "\n",
       "        [[ 0.        , -0.        , -0.        , ..., -0.        ,\n",
       "          -0.        , -0.        ],\n",
       "         [-0.        ,  0.        ,  0.        , ...,  0.        ,\n",
       "          -0.        , -0.        ],\n",
       "         [-0.        ,  0.        ,  0.        , ...,  0.        ,\n",
       "          -0.        ,  0.        ],\n",
       "         ...,\n",
       "         [-0.        ,  0.        ,  0.        , ...,  0.        ,\n",
       "           0.        ,  0.        ],\n",
       "         [-0.        , -0.        , -0.        , ...,  0.        ,\n",
       "           0.        , -0.        ],\n",
       "         [-0.        , -0.        ,  2.65843461, ...,  0.        ,\n",
       "          -0.        ,  0.        ]],\n",
       "\n",
       "        ...,\n",
       "\n",
       "        [[ 0.        , -0.        , -0.        , ..., -0.        ,\n",
       "          -0.        , -0.        ],\n",
       "         [-0.        ,  0.        ,  0.        , ...,  0.        ,\n",
       "          -0.        , -0.        ],\n",
       "         [-0.        ,  0.        ,  0.        , ...,  0.        ,\n",
       "          -0.        ,  0.        ],\n",
       "         ...,\n",
       "         [-0.        ,  0.        ,  0.        , ...,  0.        ,\n",
       "           0.        ,  0.        ],\n",
       "         [-0.        , -0.        , -0.        , ...,  0.        ,\n",
       "           0.        , -0.        ],\n",
       "         [-0.        , -0.        ,  0.        , ...,  3.695243  ,\n",
       "          -0.        ,  0.        ]],\n",
       "\n",
       "        [[ 0.        , -0.        , -0.        , ..., -0.        ,\n",
       "          -0.        , -0.        ],\n",
       "         [-0.        ,  0.        ,  0.        , ...,  0.        ,\n",
       "          -0.        , -0.        ],\n",
       "         [-0.        ,  0.        ,  0.        , ...,  0.        ,\n",
       "          -0.        ,  0.        ],\n",
       "         ...,\n",
       "         [-0.        ,  0.        ,  0.        , ...,  0.        ,\n",
       "           0.        ,  0.        ],\n",
       "         [-0.        , -0.        , -0.        , ...,  0.        ,\n",
       "           0.        , -0.        ],\n",
       "         [-0.        , -0.        ,  0.        , ...,  0.        ,\n",
       "          -5.87847932,  0.        ]],\n",
       "\n",
       "        [[ 0.        , -0.        , -0.        , ..., -0.        ,\n",
